243243
243783
244323
244863
245403
245943
246483
247023
247563
248103
248643
249183
249723
250263
250803
251343
251883
252423
252963
253503
254043
254583
255123
255663
256203
256743
257283
257823
258363
258903
259443
259983
260523
261063
261603
262143
262683
263223
263763
264303
264843
265383
265923
266463
267003
267543
268083
268623
269163
269703
270243
270783
271323
271863
272403
272943
273483
274023
274563
275103
275643
276183
276723
277263
277803
278343
278883
279423
279963
280503
281043
281583
282123
282663
283203
283743
284283
284823
285363
285903
286443
286983
287523
288063
288603
289143
289683
290223
290763
291303
291843
292383
292923
293463
294003
294543
295083
295623
296163
296703
297243
297783
298323
298863
299403
299943
300483
301023
301563
302103
302643
303183
303723
304263
304803
305343
305883
306423
306963
307503
308043
308583
309123
309663
310203
310743
311283
311823
312363
312903
313443
313983
314523
315063
315603
316143
316683
317223
317763
318303
318843
319383
319923
320463
321003
321543
322083
322623
323163
323703
324243
324783
325323
325863
326403
326943
327483
328023
328563
329103
329643
330183
330723
331263
331803
332343
332883
333423
333963
334503
335043
335583
336123
336663
337203
337743
338283
338823
339363
339903
340443
340983
341523
342063
342603
343143
343683
344223
344763
345303
345843
346383
346923
347463
348003
348543
349083
349623
350163
350703
351243
351783
352323
352863
353403
353943
354483
355023
355563
356103
356643
357183
357723
358263
358803
359343
359883
360423
360963
361503
362043
362583
363123
363663
364203
364743
365283
365823
366363
366903
367443
367983
368523
369063
369603
370143
370683
371223
371763
372303
372843
373383
373923
374463
375003
375543
376083
376623
377163
377703
378243
378783
379323
379863
380403
380943
381483
382023
382563
383103
383643
384183
384723
385263
385803
386343
386883
387423
387963
388503
389043
389583
390123
390663
391203
391743
392283
392823
393363
393903
394443
394983
395523
396063
396603
397143
397683
398223
398763
399303
399843
400383
400923
401463
402003
402543
403083
403623
404163
404703
405243
405783
406323
406863
407403
407943
408483
409023
409563
410103
410643
411183
411723
412263
412803
413343
413883
414423
414963
415503
416043
416583
417123
417663
418203
418743
419283
419823
420363
420903
421443
421983
422523
423063
423603
424143
424683
425223
425763
426303
426843
427383
427923
428463
429003
429543
430083
430623
431163
431703
432243
432783
433323
433863
434403
434943
435483
436023
436563
437103
437643
438183
438723
439263
439803
440343
440883
441423
441963
442503
443043
443583
444123
444663
445203
445743
446283
446823
447363
447903
448443
448983
449523
450063
450603
451143
451683
452223
452763
453303
453843
454383
454923
455463
456003
456543
457083
457623
458163
458703
459243
459783
460323
460863
461403
461943
462483
463023
463563
464103
464643
465183
465723
466263
466803
467343
467883
468423
468963
469503
470043
470583
471123
471663
472203
472743
473283
473823
474363
474903
475443
475983
476523
477063
477603
478143
478683
479223
479763
480303
480843
481383
481923
482463
483003
483543
484083
484623
485163
485703
486243
486783
487323
487863
488403
488943
489483
490023
490563
491103
491643
492183
492723
493263
493803
494343
494883
495423
495963
496503
497043
497583
498123
498663
499203
499743
500283
500823
501363
501903
502443
502983
503523
504063
504603
505143
505683
506223
506763
507303
507843
508383
508923
509463
510003
510543
511083
511623
512163
512703
513243
513783
514323
514863
515403
515943
516483
517023
517563
518103
518643
519183
519723
520263
520803
521343
521883
522423
522963
523503
524043
524583
525123
525663
526203
526743
527283
527823
528363
528903
529443
529983
530523
531063
531603
532143
532683
533223
533763
534303
534843
535383
535923
536463
537003
537543
538083
538623
539163
539703
540243
540783
541323
541863
542403
542943
543483
544023
544563
545103
545643
546183
546723
547263
547803
548343
548883
549423
549963
550503
551043
551583
552123
552663
553203
553743
554283
554823
555363
555903
556443
556983
557523
558063
558603
559143
559683
560223
560763
561303
561843
562383
562923
563463
564003
564543
565083
565623
566163
566703
567243
567783
568323
568863
569403
569943
570483
571023
571563
572103
572643
573183
573723
574263
574803
575343
575883
576423
576963
577503
578043
578583
579123
579663
580203
580743
581283
581823
582363
582903
583443
583983
584523
585063
585603
586143
586683
587223
587763
588303
588843
589383
589923
590463
591003
591543
592083
592623
593163
593703
594243
594783
595323
595863
596403
596943
597483
598023
598563
599103
599643
600183
600723
601263
601803
602343
602883
603423
603963
604503
605043
605583
606123
606663
607203
607743
608283
608823
609363
609903
610443
610983
611523
612063
612603
613143
613683
614223
614763
615303
615843
616383
616923
617463
618003
618543
619083
619623
620163
620703
621243
621783
622323
622863
623403
623943
624483
625023
625563
626103
626643
627183
627723
628263
628803
629343
629883
630423
630963
631503
632043
632583
633123
633663
634203
634743
635283
635823
636363
636903
637443
637983
638523
639063
639603
640143
640683
641223
641763
642303
642843
643383
643923
644463
645003
645543
646083
646623
647163
647703
648243
648783
649323
649863
650403
650943
651483
652023
652563
653103
653643
654183
654723
655263
655803
656343
656883
657423
657963
658503
659043
659583
660123
660663
661203
661743
662283
662823
663363
663903
664443
664983
665523
666063
666603
667143
667683
668223
668763
669303
669843
670383
670923
671463
672003
672543
673083
673623
674163
674703
675243
675783
676323
676863
677403
677943
678483
679023
679563
680103
680643
681183
681723
682263
682803
683343
683883
684423
684963
685503
686043
686583
687123
687663
688203
688743
689283
689823
690363
690903
691443
691983
692523
693063
693603
694143
694683
695223
695763
696303
696843
697383
697923
698463
699003
699543
700083
700623
701163
701703
702243
702783
703323
703863
704403
704943
705483
706023
706563
707103
707643
708183
708723
709263
709803
710343
710883
711423
711963
712503
713043
713583
714123
714663
715203
715743
716283
716823
717363
717903
718443
718983
719523
720063
720603
721143
721683
722223
722763
723303
723843
724383
724923
725463
726003
726543
727083
727623
728163
728703
729243
729783
730323
730863
731403
731943
732483
733023
733563
734103
734643
735183
735723
736263
736803
737343
737883
738423
738963
739503
740043
740583
741123
741663
742203
742743
743283
743823
744363
744903
745443
745983
746523
747063
747603
748143
748683
749223
749763
750303
750843
751383
751923
752463
753003
753543
754083
754623
755163
755703
756243
756783
757323
757863
758403
758943
759483
760023
760563
761103
761643
762183
762723
763263
763803
764343
764883
765423
765963
766503
767043
767583
768123
768663
769203
769743
770283
770823
771363
771903
772443
772983
773523
774063
774603
775143
775683
776223
776763
777303
777843
778383
778923
779463
780003
780543
781083
781623
782163
782703
783243
783783
784323
784863
785403
785943
786483
787023
787563
788103
788643
789183
789723
790263
790803
791343
791883
792423
792963
793503
794043
794583
795123
795663
796203
796743
797283
797823
798363
798903
799443
799983
800523
801063
801603
802143
802683
803223
803763
804303
804843
805383
805923
806463
807003
807543
808083
808623
809163
809703
810243
810783
811323
811863
812403
812943
813483
814023
814563
815103
815643
816183
816723
817263
817803
818343
818883
819423
819963
820503
821043
821583
822123
822663
823203
823743
824283
824823
825363
825903
826443
826983
827523
828063
828603
829143
829683
830223
830763
831303
831843
832383
832923
833463
834003
834543
835083
835623
836163
836703
837243
837783
838323
838863
839403
839943
840483
841023
841563
842103
842643
843183
843723
844263
844803
845343
845883
846423
846963
847503
848043
848583
849123
849663
850203
850743
851283
851823
852363
852903
853443
853983
854523
855063
855603
856143
856683
857223
857763
858303
858843
859383
859923
860463
861003
861543
862083
862623
863163
863703
864243
864783
865323
865863
866403
866943
867483
868023
868563
869103
869643
870183
870723
871263
871803
872343
872883
873423
873963
874503
875043
875583
876123
876663
877203
877743
878283
878823
879363
879903
880443
880983
881523
882063
882603
883143
883683
884223
884763
885303
885843
886383
886923
887463
888003
888543
889083
889623
890163
890703
891243
891783
892323
892863
893403
893943
894483
895023
895563
896103
896643
897183
897723
898263
898803
899343
899883
900423
900963
901503
902043
902583
903123
903663
904203
904743
905283
905823
906363
906903
907443
907983
908523
909063
909603
910143
910683
911223
911763
912303
912843
913383
913923
914463
915003
915543
916083
916623
917163
917703
918243
918783
919323
919863
920403
920943
921483
922023
922563
923103
923643
924183
924723
925263
925803
926343
926883
927423
927963
928503
929043
929583
930123
930663
931203
931743
932283
932823
933363
933903
934443
934983
935523
936063
936603
937143
937683
938223
938763
939303
939843
940383
940923
941463
942003
942543
943083
943623
944163
944703
945243
945783
946323
946863
947403
947943
948483
949023
949563
950103
950643
951183
951723
952263
952803
953343
953883
954423
954963
955503
956043
956583
957123
957663
958203
958743
959283
959823
960363
960903
961443
961983
962523
963063
963603
964143
964683
965223
965763
966303
966843
967383
967923
968463
969003
969543
970083
970623
971163
971703
972243
972783
973323
973863
974403
974943
975483
976023
976563
977103
977643
978183
978723
979263
979803
980343
980883
981423
981963
982503
983043
983583
984123
984663
985203
985743
986283
986823
987363
987903
988443
988983
989523
990063
990603
991143
991683
992223
992763
993303
993843
994383
994923
995463
996003
996543
997083
997623
998163
998703
999243
999783
1000323
1000863
1001403
1001943
1002483
1003023
1003563
1004103
1004643
1005183
1005723
1006263
1006803
1007343
1007883
1008423
1008963
1009503
1010043
1010583
1011123
1011663
1012203
1012743
1013283
1013823
1014363
1014903
1015443
1015983
1016523
1017063
1017603
1018143
1018683
1019223
1019763
1020303
1020843
1021383
1021923
1022463
1023003
1023543
1024083
1024623
1025163
1025703
1026243
1026783
1027323
1027863
1028403
1028943
1029483
1030023
1030563
1031103
1031643
1032183
1032723
1033263
1033803
1034343
1034883
1035423
1035963
1036503
1037043
1037583
1038123
1038663
1039203
1039743
1040283
1040823
1041363
1041903
1042443
1042983
1043523
1044063
1044603
1045143
1045683
1046223
1046763
1047303
1047843
1048383
1048923
1049463
1050003
1050543
1051083
1051623
1052163
1052703
1053243
1053783
1054323
1054863
1055403
1055943
1056483
1057023
1057563
1058103
1058643
1059183
1059723
1060263
1060803
1061343
1061883
1062423
1062963
1063503
1064043
1064583
1065123
1065663
1066203
1066743
1067283
1067823
1068363
1068903
1069443
1069983
1070523
1071063
1071603
1072143
1072683
1073223
1073763
1074303
1074843
1075383
1075923
1076463
1077003
1077543
1078083
1078623
1079163
1079703
1080243
1080783
1081323
1081863
1082403
1082943
1083483
1084023
1084563
1085103
1085643
1086183
1086723
1087263
1087803
1088343
1088883
1089423
1089963
1090503
1091043
1091583
1092123
1092663
1093203
1093743
1094283
1094823
1095363
1095903
1096443
1096983
1097523
1098063
1098603
1099143
1099683
1100223
1100763
1101303
1101843
1102383
1102923
1103463
1104003
1104543
1105083
1105623
1106163
1106703
1107243
1107783
1108323
1108863
1109403
1109943
1110483
1111023
1111563
1112103
1112643
1113183
1113723
1114263
1114803
1115343
1115883
1116423
1116963
1117503
1118043
1118583
1119123
1119663
1120203
1120743
1121283
1121823
1122363
1122903
1123443
1123983
1124523
1125063
1125603
1126143
1126683
1127223
1127763
1128303
1128843
1129383
1129923
1130463
1131003
1131543
1132083
1132623
1133163
1133703
1134243
1134783
1135323
1135863
1136403
1136943
1137483
1138023
1138563
1139103
1139643
1140183
1140723
1141263
1141803
1142343
1142883
1143423
1143963
1144503
1145043
1145583
1146123
1146663
1147203
1147743
1148283
1148823
1149363
1149903
1150443
1150983
1151523
1152063
1152603
1153143
1153683
1154223
1154763
1155303
1155843
1156383
1156923
1157463
1158003
1158543
1159083
1159623
1160163
1160703
1161243
1161783
1162323
1162863
1163403
1163943
1164483
1165023
1165563
1166103
1166643
1167183
1167723
1168263
1168803
1169343
1169883
1170423
1170963
1171503
1172043
1172583
1173123
1173663
1174203
1174743
1175283
1175823
1176363
1176903
1177443
1177983
1178523
1179063
1179603
1180143
1180683
1181223
1181763
1182303
1182843
1183383
1183923
1184463
1185003
1185543
1186083
1186623
1187163
1187703
1188243
1188783
1189323
1189863
1190403
1190943
1191483
1192023
1192563
1193103
1193643
1194183
1194723
1195263
1195803
1196343
1196883
1197423
1197963
1198503
1199043
1199583
1200123
1200663
1201203
1201743
1202283
1202823
1203363
1203903
1204443
1204983
1205523
1206063
1206603
1207143
1207683
1208223
1208763
1209303
1209843
1210383
1210923
1211463
1212003
1212543
1213083
1213623
1214163
1214703
1215243
1215783
1216323
1216863
1217403
1217943
1218483
1219023
1219563
1220103
1220643
1221183
1221723
1222263
1222803
1223343
1223883
1224423
1224963
1225503
1226043
1226583
1227123
1227663
1228203
1228743
1229283
1229823
1230363
1230903
1231443
1231983
1232523
1233063
1233603
1234143
1234683
1235223
1235763
1236303
1236843
1237383
1237923
1238463
1239003
1239543
1240083
1240623
1241163
1241703
1242243
1242783
1243323
1243863
1244403
1244943
1245483
1246023
1246563
1247103
1247643
1248183
1248723
1249263
1249803
1250343
1250883
1251423
1251963
1252503
1253043
1253583
1254123
1254663
1255203
1255743
1256283
1256823
1257363
1257903
1258443
1258983
1259523
1260063
1260603
1261143
1261683
1262223
1262763
1263303
1263843
1264383
1264923
1265463
1266003
1266543
1267083
1267623
1268163
1268703
1269243
1269783
1270323
1270863
1271403
1271943
1272483
1273023
1273563
1274103
1274643
1275183
1275723
1276263
1276803
1277343
1277883
1278423
1278963
1279503
1280043
1280583
1281123
1281663
1282203
1282743
1283283
1283823
1284363
1284903
1285443
1285983
1286523
1287063
1287603
1288143
1288683
1289223
1289763
1290303
1290843
1291383
1291923
1292463
1293003
1293543
1294083
1294623
1295163
1295703
1296243
1296783
1297323
1297863
1298403
1298943
1299483
1300023
1300563
1301103
1301643
1302183
1302723
1303263
1303803
1304343
1304883
1305423
1305963
1306503
1307043
1307583
1308123
1308663
1309203
1309743
1310283
1310823
1311363
1311903
1312443
1312983
1313523
1314063
1314603
1315143
1315683
1316223
1316763
1317303
1317843
1318383
1318923
1319463
1320003
1320543
1321083
1321623
1322163
1322703
1323243
1323783
1324323
1324863
1325403
1325943
1326483
1327023
1327563
1328103
1328643
1329183
1329723
1330263
1330803
1331343
1331883
1332423
1332963
1333503
1334043
1334583
1335123
1335663
1336203
1336743
1337283
1337823
1338363
1338903
1339443
1339983
1340523
1341063
1341603
1342143
1342683
1343223
1343763
1344303
1344843
1345383
1345923
1346463
1347003
1347543
1348083
1348623
1349163
1349703
1350243
1350783
1351323
1351863
1352403
1352943
1353483
1354023
1354563
1355103
1355643
1356183
1356723
1357263
1357803
1358343
1358883
1359423
1359963
1360503
1361043
1361583
1362123
1362663
1363203
1363743
1364283
1364823
1365363
1365903
1366443
1366983
1367523
1368063
1368603
1369143
1369683
1370223
1370763
1371303
1371843
1372383
1372923
1373463
1374003
1374543
1375083
1375623
1376163
1376703
1377243
1377783
1378323
1378863
1379403
1379943
1380483
1381023
1381563
1382103
1382643
1383183
1383723
1384263
1384803
1385343
1385883
1386423
1386963
1387503
1388043
1388583
1389123
1389663
1390203
1390743
1391283
1391823
1392363
1392903
1393443
1393983
1394523
1395063
1395603
1396143
1396683
1397223
1397763
1398303
1398843
1399383
1399923
1400463
1401003
1401543
1402083
1402623
1403163
1403703
1404243
1404783
1405323
1405863
1406403
1406943
1407483
1408023
1408563
1409103
1409643
1410183
1410723
1411263
1411803
1412343
1412883
1413423
1413963
1414503
1415043
1415583
1416123
1416663
1417203
1417743
1418283
1418823
1419363
1419903
1420443
1420983
1421523
1422063
1422603
1423143
1423683
1424223
1424763
1425303
1425843
1426383
1426923
1427463
1428003
1428543
1429083
1429623
1430163
1430703
1431243
1431783
1432323
1432863
1433403
1433943
1434483
1435023
1435563
1436103
1436643
1437183
1437723
1438263
1438803
1439343
1439883
1440423
1440963
1441503
1442043
1442583
1443123
1443663
1444203
1444743
1445283
1445823
1446363
1446903
1447443
1447983
1448523
1449063
1449603
1450143
1450683
1451223
1451763
1452303
1452843
1453383
1453923
1454463
1455003
1455543
1456083
1456623
1457163
1457703
1458243
1458783
1459323
1459863
1460403
1460943
1461483
1462023
1462563
1463103
1463643
1464183
1464723
1465263
1465803
1466343
1466883
1467423
1467963
1468503
1469043
1469583
1470123
1470663
1471203
1471743
1472283
1472823
1473363
1473903
1474443
1474983
1475523
1476063
1476603
1477143
1477683
1478223
1478763
1479303
1479843
1480383
1480923
1481463
1482003
1482543
1483083
1483623
1484163
1484703
1485243
1485783
1486323
1486863
1487403
1487943
1488483
1489023
1489563
1490103
1490643
1491183
1491723
1492263
1492803
1493343
1493883
1494423
1494963
1495503
1496043
1496583
1497123
1497663
1498203
1498743
1499283
1499823
1500363
1500903
1501443
1501983
1502523
1503063
1503603
1504143
1504683
1505223
1505763
1506303
1506843
1507383
1507923
1508463
1509003
1509543
1510083
1510623
1511163
1511703
1512243
1512783
1513323
1513863
1514403
1514943
1515483
1516023
1516563
1517103
1517643
1518183
1518723
1519263
1519803
1520343
1520883
1521423
1521963
1522503
1523043
1523583
1524123
1524663
1525203
1525743
1526283
1526823
1527363
1527903
1528443
1528983
1529523
1530063
1530603
1531143
1531683
1532223
1532763
1533303
1533843
1534383
1534923
1535463
1536003
1536543
1537083
1537623
1538163
1538703
1539243
1539783
1540323
1540863
1541403
1541943
1542483
1543023
1543563
1544103
1544643
1545183
1545723
1546263
1546803
1547343
1547883
1548423
1548963
1549503
1550043
1550583
1551123
1551663
1552203
1552743
1553283
1553823
1554363
1554903
1555443
1555983
1556523
1557063
1557603
1558143
1558683
1559223
1559763
1560303
1560843
1561383
1561923
1562463
1563003
1563543
1564083
1564623
1565163
1565703
1566243
1566783
1567323
1567863
1568403
1568943
1569483
1570023
1570563
1571103
1571643
1572183
1572723
1573263
1573803
1574343
1574883
1575423
1575963
1576503
1577043
1577583
1578123
1578663
1579203
1579743
1580283
1580823
1581363
1581903
1582443
1582983
1583523
1584063
1584603
1585143
1585683
1586223
1586763
1587303
1587843
1588383
1588923
1589463
1590003
1590543
1591083
1591623
1592163
1592703
1593243
1593783
1594323
1594863
1595403
1595943
1596483
1597023
1597563
1598103
1598643
1599183
1599723
1600263
1600803
1601343
1601883
1602423
1602963
1603503
1604043
1604583
1605123
1605663
1606203
1606743
1607283
1607823
1608363
1608903
1609443
1609983
1610523
1611063
1611603
1612143
1612683
1613223
1613763
1614303
1614843
1615383
1615923
1616463
1617003
1617543
1618083
1618623
1619163
1619703
1620243
1620783
1621323
1621863
1622403
1622943
1623483
1624023
1624563
1625103
1625643
1626183
1626723
1627263
1627803
1628343
1628883
1629423
1629963
1630503
1631043
1631583
1632123
1632663
1633203
1633743
1634283
1634823
1635363
1635903
1636443
1636983
1637523
1638063
1638603
1639143
1639683
1640223
1640763
1641303
1641843
1642383
1642923
1643463
1644003
1644543
1645083
1645623
1646163
1646703
1647243
1647783
1648323
1648863
1649403
1649943
1650483
1651023
1651563
1652103
1652643
1653183
1653723
1654263
1654803
1655343
1655883
1656423
1656963
1657503
1658043
1658583
1659123
1659663
1660203
1660743
1661283
1661823
1662363
1662903
1663443
1663983
1664523
1665063
1665603
1666143
1666683
1667223
1667763
1668303
1668843
1669383
1669923
1670463
1671003
1671543
1672083
1672623
1673163
1673703
1674243
1674783
1675323
1675863
1676403
1676943
1677483
1678023
1678563
1679103
1679643
1680183
1680723
1681263
1681803
1682343
1682883
1683423
1683963
1684503
1685043
1685583
1686123
1686663
1687203
1687743
1688283
1688823
1689363
1689903
1690443
1690983
1691523
1692063
1692603
1693143
1693683
1694223
1694763
1695303
1695843
1696383
1696923
1697463
1698003
1698543
1699083
1699623
1700163
1700703
1701243
1701783
1702323
1702863
1703403
1703943
1704483
1705023
1705563
1706103
1706643
1707183
1707723
1708263
1708803
1709343
1709883
1710423
1710963
1711503
1712043
1712583
1713123
1713663
1714203
1714743
1715283
1715823
1716363
1716903
1717443
1717983
1718523
1719063
1719603
1720143
1720683
1721223
1721763
1722303
1722843
1723383
1723923
1724463
1725003
1725543
1726083
1726623
1727163
1727703
1728243
1728783
1729323
1729863
1730403
1730943
1731483
1732023
1732563
1733103
1733643
1734183
1734723
1735263
1735803
1736343
1736883
1737423
1737963
1738503
1739043
1739583
1740123
1740663
1741203
1741743
1742283
1742823
1743363
1743903
1744443
1744983
1745523
1746063
1746603
1747143
1747683
1748223
1748763
1749303
1749843
1750383
1750923
1751463
1752003
1752543
1753083
1753623
1754163
1754703
1755243
1755783
1756323
1756863
1757403
1757943
1758483
1759023
1759563
1760103
1760643
1761183
1761723
1762263
1762803
1763343
1763883
1764423
1764963
1765503
1766043
1766583
1767123
1767663
1768203
1768743
1769283
1769823
1770363
1770903
1771443
1771983
1772523
1773063
1773603
1774143
1774683
1775223
1775763
1776303
1776843
1777383
1777923
1778463
1779003
1779543
1780083
1780623
1781163
1781703
1782243
1782783
1783323
1783863
1784403
1784943
1785483
1786023
1786563
1787103
1787643
1788183
1788723
1789263
1789803
1790343
1790883
1791423
1791963
1792503
1793043
1793583
1794123
1794663
1795203
1795743
1796283
1796823
1797363
1797903
1798443
1798983
1799523
1800063
1800603
1801143
1801683
1802223
1802763
1803303
1803843
1804383
1804923
1805463
1806003
1806543
1807083
1807623
1808163
1808703
1809243
1809783
1810323
1810863
1811403
1811943
1812483
1813023
1813563
1814103
1814643
1815183
1815723
1816263
1816803
1817343
1817883
1818423
1818963
1819503
1820043
1820583
1821123
1821663
1822203
1822743
1823283
1823823
1824363
1824903
1825443
1825983
1826523
1827063
1827603
1828143
1828683
1829223
1829763
1830303
1830843
1831383
1831923
1832463
1833003
1833543
1834083
1834623
1835163
1835703
1836243
1836783
1837323
1837863
1838403
1838943
1839483
1840023
1840563
1841103
1841643
1842183
1842723
1843263
1843803
1844343
1844883
1845423
1845963
1846503
1847043
1847583
1848123
1848663
1849203
1849743
1850283
1850823
1851363
1851903
1852443
1852983
1853523
1854063
1854603
1855143
1855683
1856223
1856763
1857303
1857843
1858383
1858923
1859463
1860003
1860543
1861083
1861623
1862163
1862703
1863243
1863783
1864323
1864863
1865403
1865943
1866483
1867023
1867563
1868103
1868643
1869183
1869723
1870263
1870803
1871343
1871883
1872423
1872963
1873503
1874043
1874583
1875123
1875663
1876203
1876743
1877283
1877823
1878363
1878903
1879443
1879983
1880523
1881063
1881603
1882143
1882683
1883223
1883763
1884303
1884843
1885383
1885923
1886463
1887003
1887543
1888083
1888623
1889163
1889703
1890243
1890783
1891323
1891863
1892403
1892943
1893483
1894023
1894563
1895103
1895643
1896183
1896723
1897263
1897803
1898343
1898883
1899423
1899963
1900503
1901043
1901583
1902123
1902663
1903203
1903743
1904283
1904823
1905363
1905903
1906443
1906983
1907523
1908063
1908603
1909143
1909683
1910223
1910763
1911303
1911843
1912383
1912923
1913463
1914003
1914543
1915083
1915623
1916163
1916703
1917243
1917783
1918323
1918863
1919403
1919943
1920483
1921023
1921563
1922103
1922643
1923183
1923723
1924263
1924803
1925343
1925883
1926423
1926963
1927503
1928043
1928583
1929123
1929663
1930203
1930743
1931283
1931823
1932363
1932903
1933443
1933983
1934523
1935063
1935603
1936143
1936683
1937223
1937763
1938303
1938843
1939383
1939923
1940463
1941003
1941543
1942083
1942623
1943163
1943703
1944243
1944783
1945323
1945863
1946403
1946943
1947483
1948023
1948563
1949103
1949643
1950183
1950723
1951263
1951803
1952343
1952883
1953423
1953963
1954503
1955043
1955583
1956123
1956663
1957203
1957743
1958283
1958823
1959363
1959903
1960443
1960983
1961523
1962063
1962603
1963143
1963683
1964223
1964763
1965303
1965843
1966383
1966923
1967463
1968003
1968543
1969083
1969623
1970163
1970703
1971243
1971783
1972323
1972863
1973403
1973943
1974483
1975023
1975563
1976103
1976643
1977183
1977723
1978263
1978803
1979343
1979883
1980423
1980963
1981503
1982043
1982583
1983123
1983663
1984203
1984743
1985283
1985823
1986363
1986903
1987443
1987983
1988523
1989063
1989603
1990143
1990683
1991223
1991763
1992303
1992843
1993383
1993923
1994463
1995003
1995543
1996083
1996623
1997163
1997703
1998243
1998783
1999323
1999863
2000403
2000943
2001483
2002023
2002563
2003103
2003643
2004183
2004723
2005263
2005803
2006343
2006883
2007423
2007963
2008503
2009043
2009583
2010123
2010663
2011203
2011743
2012283
2012823
2013363
2013903
2014443
2014983
2015523
2016063
2016603
2017143
2017683
2018223
2018763
2019303
2019843
2020383
2020923
2021463
2022003
2022543
2023083
2023623
2024163
2024703
2025243
2025783
2026323
2026863
2027403
2027943
2028483
2029023
2029563
2030103
2030643
2031183
2031723
2032263
2032803
2033343
2033883
2034423
2034963
2035503
2036043
2036583
2037123
2037663
2038203
2038743
2039283
2039823
2040363
2040903
2041443
2041983
2042523
2043063
2043603
2044143
2044683
2045223
2045763
2046303
2046843
2047383
2047923
2048463
2049003
2049543
2050083
2050623
2051163
2051703
2052243
2052783
2053323
2053863
2054403
2054943
2055483
2056023
2056563
2057103
2057643
2058183
2058723
2059263
2059803
2060343
2060883
2061423
2061963
2062503
2063043
2063583
2064123
2064663
2065203
2065743
2066283
2066823
2067363
2067903
2068443
2068983
2069523
2070063
2070603
2071143
2071683
2072223
2072763
2073303
2073843
2074383
2074923
2075463
2076003
2076543
2077083
2077623
2078163
2078703
2079243
2079783
2080323
2080863
2081403
2081943
2082483
2083023
2083563
2084103
2084643
2085183
2085723
2086263
2086803
2087343
2087883
2088423
2088963
2089503
2090043
2090583
2091123
2091663
2092203
2092743
2093283
2093823
2094363
2094903
2095443
2095983
2096523
2097063
2097603
2098143
2098683
2099223
2099763
2100303
2100843
2101383
2101923
2102463
2103003
2103543
2104083
2104623
2105163
2105703
2106243
2106783
2107323
2107863
2108403
2108943
2109483
2110023
2110563
2111103
2111643
2112183
2112723
2113263
2113803
2114343
2114883
2115423
2115963
2116503
2117043
2117583
2118123
2118663
2119203
2119743
2120283
2120823
2121363
2121903
2122443
2122983
2123523
2124063
2124603
2125143
2125683
2126223
2126763
2127303
2127843
2128383
2128923
2129463
2130003
2130543
2131083
2131623
2132163
2132703
2133243
2133783
2134323
2134863
2135403
2135943
2136483
2137023
2137563
2138103
2138643
2139183
2139723
2140263
2140803
2141343
2141883
2142423
2142963
2143503
2144043
2144583
2145123
2145663
2146203
2146743
2147283
2147823
2148363
2148903
2149443
2149983
2150523
2151063
2151603
2152143
2152683
2153223
2153763
2154303
2154843
2155383
2155923
2156463
2157003
2157543
2158083
2158623
2159163
2159703
2160243
2160783
2161323
2161863
2162403
2162943
2163483
2164023
2164563
2165103
2165643
2166183
2166723
2167263
2167803
2168343
2168883
2169423
2169963
2170503
2171043
2171583
2172123
2172663
2173203
2173743
2174283
2174823
2175363
2175903
2176443
2176983
2177523
2178063
2178603
2179143
2179683
2180223
2180763
2181303
2181843
2182383
2182923
2183463
2184003
2184543
2185083
2185623
2186163
2186703
2187243
2187783
2188323
2188863
2189403
2189943
2190483
2191023
2191563
2192103
2192643
2193183
2193723
2194263
2194803
2195343
2195883
2196423
2196963
2197503
2198043
2198583
2199123
2199663
2200203
2200743
2201283
2201823
2202363
2202903
2203443
2203983
2204523
2205063
2205603
2206143
2206683
2207223
2207763
2208303
2208843
2209383
2209923
2210463
2211003
2211543
2212083
2212623
2213163
2213703
2214243
2214783
2215323
2215863
2216403
2216943
2217483
2218023
2218563
2219103
2219643
2220183
2220723
2221263
2221803
2222343
2222883
2223423
2223963
2224503
2225043
2225583
2226123
2226663
2227203
2227743
2228283
2228823
2229363
2229903
2230443
2230983
2231523
2232063
2232603
2233143
2233683
2234223
2234763
2235303
2235843
2236383
2236923
2237463
2238003
2238543
2239083
2239623
2240163
2240703
2241243
2241783
2242323
2242863
2243403
2243943
2244483
2245023
2245563
2246103
2246643
2247183
2247723
2248263
2248803
2249343
2249883
2250423
2250963
2251503
2252043
2252583
2253123
2253663
2254203
2254743
2255283
2255823
2256363
2256903
2257443
2257983
2258523
2259063
2259603
2260143
2260683
2261223
2261763
2262303
2262843
2263383
2263923
2264463
2265003
2265543
2266083
2266623
2267163
2267703
2268243
2268783
2269323
2269863
2270403
2270943
2271483
2272023
2272563
2273103
2273643
2274183
2274723
2275263
2275803
2276343
2276883
2277423
2277963
2278503
2279043
2279583
2280123
2280663
2281203
2281743
2282283
2282823
2283363
2283903
2284443
2284983
2285523
2286063
2286603
2287143
2287683
2288223
2288763
2289303
2289843
2290383
2290923
2291463
2292003
2292543
2293083
2293623
2294163
2294703
2295243
2295783
2296323
2296863
2297403
2297943
2298483
2299023
2299563
2300103
2300643
2301183
2301723
2302263
2302803
2303343
2303883
2304423
2304963
2305503
2306043
2306583
2307123
2307663
2308203
2308743
2309283
2309823
2310363
2310903
2311443
2311983
2312523
2313063
2313603
2314143
2314683
2315223
2315763
2316303
2316843
2317383
2317923
2318463
2319003
2319543
2320083
2320623
2321163
2321703
2322243
2322783
2323323
2323863
2324403
2324943
2325483
2326023
2326563
2327103
2327643
2328183
2328723
2329263
2329803
2330343
2330883
2331423
2331963
2332503
2333043
2333583
2334123
2334663
2335203
2335743
2336283
2336823
2337363
2337903
2338443
2338983
2339523
2340063
2340603
2341143
2341683
2342223
2342763
2343303
2343843
2344383
2344923
2345463
2346003
2346543
2347083
2347623
2348163
2348703
2349243
2349783
2350323
2350863
2351403
2351943
2352483
2353023
2353563
2354103
2354643
2355183
2355723
2356263
2356803
2357343
2357883
2358423
2358963
2359503
2360043
2360583
2361123
2361663
2362203
2362743
2363283
2363823
2364363
2364903
2365443
2365983
2366523
2367063
2367603
2368143
2368683
2369223
2369763
2370303
2370843
2371383
2371923
2372463
2373003
2373543
2374083
2374623
2375163
2375703
2376243
2376783
2377323
2377863
2378403
2378943
2379483
2380023
2380563
2381103
2381643
2382183
2382723
2383263
2383803
2384343
2384883
2385423
2385963
2386503
2387043
2387583
2388123
2388663
2389203
2389743
2390283
2390823
2391363
2391903
2392443
2392983
2393523
2394063
2394603
2395143
2395683
2396223
2396763
2397303
2397843
2398383
2398923
2399463
2400003
2400543
2401083
2401623
2402163
2402703
2403243
2403783
2404323
2404863
2405403
2405943
2406483
2407023
2407563
2408103
2408643
2409183
2409723
2410263
2410803
2411343
2411883
2412423
2412963
2413503
2414043
2414583
2415123
2415663
2416203
2416743
2417283
2417823
2418363
2418903
2419443
2419983
2420523
2421063
2421603
2422143
2422683
2423223
2423763
2424303
2424843
2425383
2425923
2426463
2427003
2427543
2428083
2428623
2429163
2429703
2430243
2430783
2431323
2431863
2432403
2432943
2433483
2434023
2434563
2435103
2435643
2436183
2436723
2437263
2437803
2438343
2438883
2439423
2439963
2440503
2441043
2441583
2442123
2442663
2443203
2443743
2444283
2444823
2445363
2445903
2446443
2446983
2447523
2448063
2448603
2449143
2449683
2450223
2450763
2451303
2451843
2452383
2452923
2453463
2454003
2454543
2455083
2455623
2456163
2456703
2457243
2457783
2458323
2458863
2459403
2459943
2460483
2461023
2461563
2462103
2462643
2463183
2463723
2464263
2464803
2465343
2465883
2466423
2466963
2467503
2468043
2468583
2469123
2469663
2470203
2470743
2471283
2471823
2472363
2472903
2473443
2473983
2474523
2475063
2475603
2476143
2476683
2477223
2477763
2478303
2478843
2479383
2479923
2480463
2481003
2481543
2482083
2482623
2483163
2483703
2484243
2484783
2485323
2485863
2486403
2486943
2487483
2488023
2488563
2489103
2489643
2490183
2490723
2491263
2491803
2492343
2492883
2493423
2493963
2494503
2495043
2495583
2496123
2496663
2497203
2497743
2498283
2498823
2499363
2499903
2500443
2500983
2501523
2502063
2502603
2503143
2503683
2504223
2504763
2505303
2505843
2506383
2506923
2507463
2508003
2508543
2509083
2509623
2510163
2510703
2511243
2511783
2512323
2512863
2513403
2513943
2514483
2515023
2515563
2516103
2516643
2517183
2517723
2518263
2518803
2519343
2519883
2520423
2520963
2521503
2522043
2522583
2523123
2523663
2524203
2524743
2525283
2525823
2526363
2526903
2527443
2527983
2528523
2529063
2529603
2530143
2530683
2531223
2531763
2532303
2532843
2533383
2533923
2534463
2535003
2535543
2536083
2536623
2537163
2537703
2538243
2538783
2539323
2539863
2540403
2540943
2541483
2542023
2542563
2543103
2543643
2544183
2544723
2545263
2545803
2546343
2546883
2547423
2547963
2548503
2549043
2549583
2550123
2550663
2551203
2551743
2552283
2552823
2553363
2553903
2554443
2554983
2555523
2556063
2556603
2557143
2557683
2558223
2558763
2559303
2559843
2560383
2560923
2561463
2562003
2562543
2563083
2563623
2564163
2564703
2565243
2565783
2566323
2566863
2567403
2567943
2568483
2569023
2569563
2570103
2570643
2571183
2571723
2572263
2572803
2573343
2573883
2574423
2574963
2575503
2576043
2576583
2577123
2577663
2578203
2578743
2579283
2579823
2580363
2580903
2581443
2581983
2582523
2583063
2583603
2584143
2584683
2585223
2585763
2586303
2586843
2587383
2587923
2588463
2589003
2589543
2590083
2590623
2591163
2591703
2592243
2592783
2593323
2593863
2594403
2594943
2595483
2596023
2596563
2597103
2597643
2598183
2598723
2599263
2599803
2600343
2600883
2601423
2601963
2602503
2603043
2603583
2604123
2604663
2605203
2605743
2606283
2606823
2607363
2607903
2608443
2608983
2609523
2610063
2610603
2611143
2611683
2612223
2612763
2613303
2613843
2614383
2614923
2615463
2616003
2616543
2617083
2617623
2618163
2618703
2619243
2619783
2620323
2620863
2621403
2621943
2622483
2623023
2623563
2624103
2624643
2625183
2625723
2626263
2626803
2627343
2627883
2628423
2628963
2629503
2630043
2630583
2631123
2631663
2632203
2632743
2633283
2633823
2634363
2634903
2635443
2635983
2636523
2637063
2637603
2638143
2638683
2639223
2639763
2640303
2640843
2641383
2641923
2642463
2643003
2643543
2644083
2644623
2645163
2645703
2646243
2646783
2647323
2647863
2648403
2648943
2649483
2650023
2650563
2651103
2651643
2652183
2652723
2653263
2653803
2654343
2654883
2655423
2655963
2656503
2657043
2657583
2658123
2658663
2659203
2659743
2660283
2660823
2661363
2661903
2662443
2662983
2663523
2664063
2664603
2665143
2665683
2666223
2666763
2667303
2667843
2668383
2668923
2669463
2670003
2670543
2671083
2671623
2672163
2672703
2673243
2673783
2674323
2674863
2675403
2675943
2676483
2677023
2677563
2678103
2678643
2679183
2679723
2680263
2680803
2681343
2681883
2682423
2682963
2683503
2684043
2684583
2685123
2685663
2686203
2686743
2687283
2687823
2688363
2688903
2689443
2689983
2690523
2691063
2691603
2692143
2692683
2693223
2693763
2694303
2694843
2695383
2695923
2696463
2697003
2697543
2698083
2698623
2699163
2699703
2700243
2700783
2701323
2701863
2702403
2702943
2703483
2704023
2704563
2705103
2705643
2706183
2706723
2707263
2707803
2708343
2708883
2709423
2709963
2710503
2711043
2711583
2712123
2712663
2713203
2713743
2714283
2714823
2715363
2715903
2716443
2716983
2717523
2718063
2718603
2719143
2719683
2720223
2720763
2721303
2721843
2722383
2722923
2723463
2724003
2724543
2725083
2725623
2726163
2726703
2727243
2727783
2728323
2728863
2729403
2729943
2730483
2731023
2731563
2732103
2732643
2733183
2733723
2734263
2734803
2735343
2735883
2736423
2736963
2737503
2738043
2738583
2739123
2739663
2740203
2740743
2741283
2741823
2742363
2742903
2743443
2743983
2744523
2745063
2745603
2746143
2746683
2747223
2747763
2748303
2748843
2749383
2749923
2750463
2751003
2751543
2752083
2752623
2753163
2753703
2754243
2754783
2755323
2755863
2756403
2756943
2757483
2758023
2758563
2759103
2759643
2760183
2760723
2761263
2761803
2762343
2762883
2763423
2763963
2764503
2765043
2765583
2766123
2766663
2767203
2767743
2768283
2768823
2769363
2769903
2770443
2770983
2771523
2772063
2772603
2773143
2773683
2774223
2774763
2775303
2775843
2776383
2776923
2777463
2778003
2778543
2779083
2779623
2780163
2780703
2781243
2781783
2782323
2782863
2783403
2783943
2784483
2785023
2785563
2786103
2786643
2787183
2787723
2788263
2788803
2789343
2789883
2790423
2790963
2791503
2792043
2792583
2793123
2793663
2794203
2794743
2795283
2795823
2796363
2796903
2797443
2797983
2798523
2799063
2799603
2800143
2800683
2801223
2801763
2802303
2802843
2803383
2803923
2804463
2805003
2805543
2806083
2806623
2807163
2807703
2808243
2808783
2809323
2809863
2810403
2810943
2811483
2812023
2812563
2813103
2813643
2814183
2814723
2815263
2815803
2816343
2816883
2817423
2817963
2818503
2819043
2819583
2820123
2820663
2821203
2821743
2822283
2822823
2823363
2823903
2824443
2824983
2825523
2826063
2826603
2827143
2827683
2828223
2828763
2829303
2829843
2830383
2830923
2831463
2832003
2832543
2833083
2833623
2834163
2834703
2835243
2835783
2836323
2836863
2837403
2837943
2838483
2839023
2839563
2840103
2840643
2841183
2841723
2842263
2842803
2843343
2843883
2844423
2844963
2845503
2846043
2846583
2847123
2847663
2848203
2848743
2849283
2849823
2850363
2850903
2851443
2851983
2852523
2853063
2853603
2854143
2854683
2855223
2855763
2856303
2856843
2857383
2857923
2858463
2859003
2859543
2860083
2860623
2861163
2861703
2862243
2862783
2863323
2863863
2864403
2864943
2865483
2866023
2866563
2867103
2867643
2868183
2868723
2869263
2869803
2870343
2870883
2871423
2871963
2872503
2873043
2873583
2874123
2874663
2875203
2875743
2876283
2876823
2877363
2877903
2878443
2878983
2879523
2880063
2880603
2881143
2881683
2882223
2882763
2883303
2883843
2884383
2884923
2885463
2886003
2886543
2887083
2887623
2888163
2888703
2889243
2889783
2890323
2890863
2891403
2891943
2892483
2893023
2893563
2894103
2894643
2895183
2895723
2896263
2896803
2897343
2897883
2898423
2898963
2899503
2900043
2900583
2901123
2901663
2902203
2902743
2903283
2903823
2904363
2904903
2905443
2905983
2906523
2907063
2907603
2908143
2908683
2909223
2909763
2910303
2910843
2911383
2911923
2912463
2913003
2913543
2914083
2914623
2915163
2915703
2916243
2916783
2917323
2917863
2918403
2918943
2919483
2920023
2920563
2921103
2921643
2922183
2922723
2923263
2923803
2924343
2924883
2925423
2925963
2926503
2927043
2927583
2928123
2928663
2929203
2929743
2930283
2930823
2931363
2931903
2932443
2932983
2933523
2934063
2934603
2935143
2935683
2936223
2936763
2937303
2937843
2938383
2938923
2939463
2940003
2940543
2941083
2941623
2942163
2942703
2943243
2943783
2944323
2944863
2945403
2945943
2946483
2947023
2947563
2948103
2948643
2949183
2949723
2950263
2950803
2951343
2951883
2952423
2952963
2953503
2954043
2954583
2955123
2955663
2956203
2956743
2957283
2957823
2958363
2958903
2959443
2959983
2960523
2961063
2961603
2962143
2962683
2963223
2963763
2964303
2964843
2965383
2965923
2966463
2967003
2967543
2968083
2968623
2969163
2969703
2970243
2970783
2971323
2971863
2972403
2972943
2973483
2974023
2974563
2975103
2975643
2976183
2976723
2977263
2977803
2978343
2978883
2979423
2979963
2980503
2981043
2981583
2982123
2982663
2983203
2983743
2984283
2984823
2985363
2985903
2986443
2986983
2987523
2988063
2988603
2989143
2989683
2990223
2990763
2991303
2991843
2992383
2992923
2993463
2994003
2994543
2995083
2995623
2996163
2996703
2997243
2997783
2998323
2998863
2999403
2999943
3000483
3001023
3001563
3002103
3002643
3003183
3003723
3004263
3004803
3005343
3005883
3006423
3006963
3007503
3008043
3008583
3009123
3009663
3010203
3010743
3011283
3011823
3012363
3012903
3013443
3013983
3014523
3015063
3015603
3016143
3016683
3017223
3017763
3018303
3018843
3019383
3019923
3020463
3021003
3021543
3022083
3022623
3023163
3023703
3024243
3024783
3025323
3025863
3026403
3026943
3027483
3028023
3028563
3029103
3029643
3030183
3030723
3031263
3031803
3032343
3032883
3033423
3033963
3034503
3035043
3035583
3036123
3036663
3037203
3037743
3038283
3038823
3039363
3039903
3040443
3040983
3041523
3042063
3042603
3043143
3043683
3044223
3044763
3045303
3045843
3046383
3046923
3047463
3048003
3048543
3049083
3049623
3050163
3050703
3051243
3051783
3052323
3052863
3053403
3053943
3054483
3055023
3055563
3056103
3056643
3057183
3057723
3058263
3058803
3059343
3059883
3060423
3060963
3061503
3062043
3062583
3063123
3063663
3064203
3064743
3065283
3065823
3066363
3066903
3067443
3067983
3068523
3069063
3069603
3070143
3070683
3071223
3071763
3072303
3072843
3073383
3073923
3074463
3075003
3075543
3076083
3076623
3077163
3077703
3078243
3078783
3079323
3079863
3080403
3080943
3081483
3082023
3082563
3083103
3083643
3084183
3084723
3085263
3085803
3086343
3086883
3087423
3087963
3088503
3089043
3089583
3090123
3090663
3091203
3091743
3092283
3092823
3093363
3093903
3094443
3094983
3095523
3096063
3096603
3097143
3097683
3098223
3098763
3099303
3099843
3100383
3100923
3101463
3102003
3102543
3103083
3103623
3104163
3104703
3105243
3105783
3106323
3106863
3107403
3107943
3108483
3109023
3109563
3110103
3110643
3111183
3111723
3112263
3112803
3113343
3113883
3114423
3114963
3115503
3116043
3116583
3117123
3117663
3118203
3118743
3119283
3119823
3120363
3120903
3121443
3121983
3122523
3123063
3123603
3124143
3124683
3125223
3125763
3126303
3126843
3127383
3127923
3128463
3129003
3129543
3130083
3130623
3131163
3131703
3132243
3132783
3133323
3133863
3134403
3134943
3135483
3136023
3136563
3137103
3137643
3138183
3138723
3139263
3139803
3140343
3140883
3141423
3141963
3142503
3143043
3143583
3144123
3144663
3145203
3145743
3146283
3146823
3147363
3147903
3148443
3148983
3149523
3150063
3150603
3151143
3151683
3152223
3152763
3153303
3153843
3154383
3154923
3155463
3156003
3156543
3157083
3157623
3158163
3158703
3159243
3159783
3160323
3160863
3161403
3161943
3162483
3163023
3163563
3164103
3164643
3165183
3165723
3166263
3166803
3167343
3167883
3168423
3168963
3169503
3170043
3170583
3171123
3171663
3172203
3172743
3173283
3173823
3174363
3174903
3175443
3175983
3176523
3177063
3177603
3178143
3178683
3179223
3179763
3180303
3180843
3181383
3181923
3182463
3183003
3183543
3184083
3184623
3185163
3185703
3186243
3186783
3187323
3187863
3188403
3188943
3189483
3190023
3190563
3191103
3191643
3192183
3192723
3193263
3193803
3194343
3194883
3195423
3195963
3196503
3197043
3197583
3198123
3198663
3199203
3199743
3200283
3200823
3201363
3201903
3202443
3202983
3203523
3204063
3204603
3205143
3205683
3206223
3206763
3207303
3207843
3208383
3208923
3209463
3210003
3210543
3211083
3211623
3212163
3212703
3213243
3213783
3214323
3214863
3215403
3215943
3216483
3217023
3217563
3218103
3218643
3219183
3219723
3220263
3220803
3221343
3221883
3222423
3222963
3223503
3224043
3224583
3225123
3225663
3226203
3226743
3227283
3227823
3228363
3228903
3229443
3229983
3230523
3231063
3231603
3232143
3232683
3233223
3233763
3234303
3234843
3235383
3235923
3236463
3237003
3237543
3238083
3238623
3239163
3239703
3240243
3240783
3241323
3241863
3242403
3242943
3243483
3244023
3244563
3245103
3245643
3246183
3246723
3247263
3247803
3248343
3248883
3249423
3249963
3250503
3251043
3251583
3252123
3252663
3253203
3253743
3254283
3254823
3255363
3255903
3256443
3256983
3257523
3258063
3258603
3259143
3259683
3260223
3260763
3261303
3261843
3262383
3262923
3263463
3264003
3264543
3265083
3265623
3266163
3266703
3267243
3267783
3268323
3268863
3269403
3269943
3270483
3271023
3271563
3272103
3272643
3273183
3273723
3274263
3274803
3275343
3275883
3276423
3276963
3277503
3278043
3278583
3279123
3279663
3280203
3280743
3281283
3281823
3282363
3282903
3283443
3283983
3284523
3285063
3285603
3286143
3286683
3287223
3287763
3288303
3288843
3289383
3289923
3290463
3291003
3291543
3292083
3292623
3293163
3293703
3294243
3294783
3295323
3295863
3296403
3296943
3297483
3298023
3298563
3299103
3299643
3300183
3300723
3301263
3301803
3302343
3302883
3303423
3303963
3304503
3305043
3305583
3306123
3306663
3307203
3307743
3308283
3308823
3309363
3309903
3310443
3310983
3311523
3312063
3312603
3313143
3313683
3314223
3314763
3315303
3315843
3316383
3316923
3317463
3318003
3318543
3319083
3319623
3320163
3320703
3321243
3321783
3322323
3322863
3323403
3323943
3324483
3325023
3325563
3326103
3326643
3327183
3327723
3328263
3328803
3329343
3329883
3330423
3330963
3331503
3332043
3332583
3333123
3333663
3334203
3334743
3335283
3335823
3336363
3336903
3337443
3337983
3338523
3339063
3339603
3340143
3340683
3341223
3341763
3342303
3342843
3343383
3343923
3344463
3345003
3345543
3346083
3346623
3347163
3347703
3348243
3348783
3349323
3349863
3350403
3350943
3351483
3352023
3352563
3353103
3353643
3354183
3354723
3355263
3355803
3356343
3356883
3357423
3357963
3358503
3359043
3359583
3360123
3360663
3361203
3361743
3362283
3362823
3363363
3363903
3364443
3364983
3365523
3366063
3366603
3367143
3367683
3368223
3368763
3369303
3369843
3370383
3370923
3371463
3372003
3372543
3373083
3373623
3374163
3374703
3375243
3375783
3376323
3376863
3377403
3377943
3378483
3379023
3379563
3380103
3380643
3381183
3381723
3382263
3382803
3383343
3383883
3384423
3384963
3385503
3386043
3386583
3387123
3387663
3388203
3388743
3389283
3389823
3390363
3390903
3391443
3391983
3392523
3393063
3393603
3394143
3394683
3395223
3395763
3396303
3396843
3397383
3397923
3398463
3399003
3399543
3400083
3400623
3401163
3401703
3402243
3402783
3403323
3403863
3404403
3404943
3405483
3406023
3406563
3407103
3407643
3408183
3408723
3409263
3409803
3410343
3410883
3411423
3411963
3412503
3413043
3413583
3414123
3414663
3415203
3415743
3416283
3416823
3417363
3417903
3418443
3418983
3419523
3420063
3420603
3421143
3421683
3422223
3422763
3423303
3423843
3424383
3424923
3425463
3426003
3426543
3427083
3427623
3428163
3428703
3429243
3429783
3430323
3430863
3431403
3431943
3432483
3433023
3433563
3434103
3434643
3435183
3435723
3436263
3436803
3437343
3437883
3438423
3438963
3439503
3440043
3440583
3441123
3441663
3442203
3442743
3443283
3443823
3444363
3444903
3445443
3445983
3446523
3447063
3447603
3448143
3448683
3449223
3449763
3450303
3450843
3451383
3451923
3452463
3453003
3453543
3454083
3454623
3455163
3455703
3456243
3456783
3457323
3457863
3458403
3458943
3459483
3460023
3460563
3461103
3461643
3462183
3462723
3463263
3463803
3464343
3464883
3465423
3465963
3466503
3467043
3467583
3468123
3468663
3469203
3469743
3470283
3470823
3471363
3471903
3472443
3472983
3473523
3474063
3474603
3475143
3475683
3476223
3476763
3477303
3477843
3478383
3478923
3479463
3480003
3480543
3481083
3481623
3482163
3482703
3483243
3483783
3484323
3484863
3485403
3485943
3486483
3487023
3487563
3488103
3488643
3489183
3489723
3490263
3490803
3491343
3491883
3492423
3492963
3493503
3494043
3494583
3495123
3495663
3496203
3496743
3497283
3497823
3498363
3498903
3499443
3499983
3500523
3501063
3501603
3502143
3502683
3503223
3503763
3504303
3504843
3505383
3505923
3506463
3507003
3507543
3508083
3508623
3509163
3509703
3510243
3510783
3511323
3511863
3512403
3512943
3513483
3514023
3514563
3515103
3515643
3516183
3516723
3517263
3517803
3518343
3518883
3519423
3519963
3520503
3521043
3521583
3522123
3522663
3523203
3523743
3524283
3524823
3525363
3525903
3526443
3526983
3527523
3528063
3528603
3529143
3529683
3530223
3530763
3531303
3531843
3532383
3532923
3533463
3534003
3534543
3535083
3535623
3536163
3536703
3537243
3537783
3538323
3538863
3539403
3539943
3540483
3541023
3541563
3542103
3542643
3543183
3543723
3544263
3544803
3545343
3545883
3546423
3546963
3547503
3548043
3548583
3549123
3549663
3550203
3550743
3551283
3551823
3552363
3552903
3553443
3553983
3554523
3555063
3555603
3556143
3556683
3557223
3557763
3558303
3558843
3559383
3559923
3560463
3561003
3561543
3562083
3562623
3563163
3563703
3564243
3564783
3565323
3565863
3566403
3566943
3567483
3568023
3568563
3569103
3569643
3570183
3570723
3571263
3571803
3572343
3572883
3573423
3573963
3574503
3575043
3575583
3576123
3576663
3577203
3577743
3578283
3578823
3579363
3579903
3580443
3580983
3581523
3582063
3582603
3583143
3583683
3584223
3584763
3585303
3585843
3586383
3586923
3587463
3588003
3588543
3589083
3589623
3590163
3590703
3591243
3591783
3592323
3592863
3593403
3593943
3594483
3595023
3595563
3596103
3596643
3597183
3597723
3598263
3598803
3599343
3599883
3600423
3600963
3601503
3602043
3602583
3603123
3603663
3604203
3604743
3605283
3605823
3606363
3606903
3607443
3607983
3608523
3609063
3609603
3610143
3610683
3611223
3611763
3612303
3612843
3613383
3613923
3614463
3615003
3615543
3616083
3616623
3617163
3617703
3618243
3618783
3619323
3619863
3620403
3620943
3621483
3622023
3622563
3623103
3623643
3624183
3624723
3625263
3625803
3626343
3626883
3627423
3627963
3628503
3629043
3629583
3630123
3630663
3631203
3631743
3632283
3632823
3633363
3633903
3634443
3634983
3635523
3636063
3636603
3637143
3637683
3638223
3638763
3639303
3639843
3640383
3640923
3641463
3642003
3642543
3643083
3643623
3644163
3644703
3645243
3645783
3646323
3646863
3647403
3647943
3648483
3649023
3649563
3650103
3650643
3651183
3651723
3652263
3652803
3653343
3653883
3654423
3654963
3655503
3656043
3656583
3657123
3657663
3658203
3658743
3659283
3659823
3660363
3660903
3661443
3661983
3662523
3663063
3663603
3664143
3664683
3665223
3665763
3666303
3666843
3667383
3667923
3668463
3669003
3669543
3670083
3670623
3671163
3671703
3672243
3672783
3673323
3673863
3674403
3674943
3675483
3676023
3676563
3677103
3677643
3678183
3678723
3679263
3679803
3680343
3680883
3681423
3681963
3682503
3683043
3683583
3684123
3684663
3685203
3685743
3686283
3686823
3687363
3687903
3688443
3688983
3689523
3690063
3690603
3691143
3691683
3692223
3692763
3693303
3693843
3694383
3694923
3695463
3696003
3696543
3697083
3697623
3698163
3698703
3699243
3699783
3700323
3700863
3701403
3701943
3702483
3703023
3703563
3704103
3704643
3705183
3705723
3706263
3706803
3707343
3707883
3708423
3708963
3709503
3710043
3710583
3711123
3711663
3712203
3712743
3713283
3713823
3714363
3714903
3715443
3715983
3716523
3717063
3717603
3718143
3718683
3719223
3719763
3720303
3720843
3721383
3721923
3722463
3723003
3723543
3724083
3724623
3725163
3725703
3726243
3726783
3727323
3727863
3728403
3728943
3729483
3730023
3730563
3731103
3731643
3732183
3732723
3733263
3733803
3734343
3734883
3735423
3735963
3736503
3737043
3737583
3738123
3738663
3739203
3739743
3740283
3740823
3741363
3741903
3742443
3742983
3743523
3744063
3744603
3745143
3745683
3746223
3746763
3747303
3747843
3748383
3748923
3749463
3750003
3750543
3751083
3751623
3752163
3752703
3753243
3753783
3754323
3754863
3755403
3755943
3756483
3757023
3757563
3758103
3758643
3759183
3759723
3760263
3760803
3761343
3761883
3762423
3762963
3763503
3764043
3764583
3765123
3765663
3766203
3766743
3767283
3767823
3768363
3768903
3769443
3769983
3770523
3771063
3771603
3772143
3772683
3773223
3773763
3774303
3774843
3775383
3775923
3776463
3777003
3777543
3778083
3778623
3779163
3779703
3780243
3780783
3781323
3781863
3782403
3782943
3783483
3784023
3784563
3785103
3785643
3786183
3786723
3787263
3787803
3788343
3788883
3789423
3789963
3790503
3791043
3791583
3792123
3792663
3793203
3793743
3794283
3794823
3795363
3795903
3796443
3796983
3797523
3798063
3798603
3799143
3799683
3800223
3800763
3801303
3801843
3802383
3802923
3803463
3804003
3804543
3805083
3805623
3806163
3806703
3807243
3807783
3808323
3808863
3809403
3809943
3810483
3811023
3811563
3812103
3812643
3813183
3813723
3814263
3814803
3815343
3815883
3816423
3816963
3817503
3818043
3818583
3819123
3819663
3820203
3820743
3821283
3821823
3822363
3822903
3823443
3823983
3824523
3825063
3825603
3826143
3826683
3827223
3827763
3828303
3828843
3829383
3829923
3830463
3831003
3831543
3832083
3832623
3833163
3833703
3834243
3834783
3835323
3835863
3836403
3836943
3837483
3838023
3838563
3839103
3839643
3840183
3840723
3841263
3841803
3842343
3842883
3843423
3843963
3844503
3845043
3845583
3846123
3846663
3847203
3847743
3848283
3848823
3849363
3849903
3850443
3850983
3851523
3852063
3852603
3853143
3853683
3854223
3854763
3855303
3855843
3856383
3856923
3857463
3858003
3858543
3859083
3859623
3860163
3860703
3861243
3861783
3862323
3862863
3863403
3863943
3864483
3865023
3865563
3866103
3866643
3867183
3867723
3868263
3868803
3869343
3869883
3870423
3870963
3871503
3872043
3872583
3873123
3873663
3874203
3874743
3875283
3875823
3876363
3876903
3877443
3877983
3878523
3879063
3879603
3880143
3880683
3881223
3881763
3882303
3882843
3883383
3883923
3884463
3885003
3885543
3886083
3886623
3887163
3887703
3888243
3888783
3889323
3889863
3890403
3890943
3891483
3892023
3892563
3893103
3893643
3894183
3894723
3895263
3895803
3896343
3896883
3897423
3897963
3898503
3899043
3899583
3900123
3900663
3901203
3901743
3902283
3902823
3903363
3903903
3904443
3904983
3905523
3906063
3906603
3907143
3907683
3908223
3908763
3909303
3909843
3910383
3910923
3911463
3912003
3912543
3913083
3913623
3914163
3914703
3915243
3915783
3916323
3916863
3917403
3917943
3918483
3919023
3919563
3920103
3920643
3921183
3921723
3922263
3922803
3923343
3923883
3924423
3924963
3925503
3926043
3926583
3927123
3927663
3928203
3928743
3929283
3929823
3930363
3930903
3931443
3931983
3932523
3933063
3933603
3934143
3934683
3935223
3935763
3936303
3936843
3937383
3937923
3938463
3939003
3939543
3940083
3940623
3941163
3941703
3942243
3942783
3943323
3943863
3944403
3944943
3945483
3946023
3946563
3947103
3947643
3948183
3948723
3949263
3949803
3950343
3950883
3951423
3951963
3952503
3953043
3953583
3954123
3954663
3955203
3955743
3956283
3956823
3957363
3957903
3958443
3958983
3959523
3960063
3960603
3961143
3961683
3962223
3962763
3963303
3963843
3964383
3964923
3965463
3966003
3966543
3967083
3967623
3968163
3968703
3969243
3969783
3970323
3970863
3971403
3971943
3972483
3973023
3973563
3974103
3974643
3975183
3975723
3976263
3976803
3977343
3977883
3978423
3978963
3979503
3980043
3980583
3981123
3981663
3982203
3982743
3983283
3983823
3984363
3984903
3985443
3985983
3986523
3987063
3987603
3988143
3988683
3989223
3989763
3990303
3990843
3991383
3991923
3992463
3993003
3993543
3994083
3994623
3995163
3995703
3996243
3996783
3997323
3997863
3998403
3998943
3999483
4000023
4000563
4001103
4001643
4002183
4002723
4003263
4003803
4004343
4004883
4005423
4005963
4006503
4007043
4007583
4008123
4008663
4009203
4009743
4010283
4010823
4011363
4011903
4012443
4012983
4013523
4014063
4014603
4015143
4015683
4016223
4016763
4017303
4017843
4018383
4018923
4019463
4020003
4020543
4021083
4021623
4022163
4022703
4023243
4023783
4024323
4024863
4025403
4025943
4026483
4027023
4027563
4028103
4028643
4029183
4029723
4030263
4030803
4031343
4031883
4032423
4032963
4033503
4034043
4034583
4035123
4035663
4036203
4036743
4037283
4037823
4038363
4038903
4039443
4039983
4040523
4041063
4041603
4042143
4042683
4043223
4043763
4044303
4044843
4045383
4045923
4046463
4047003
4047543
4048083
4048623
4049163
4049703
4050243
4050783
4051323
4051863
4052403
4052943
4053483
4054023
4054563
4055103
4055643
4056183
4056723
4057263
4057803
4058343
4058883
4059423
4059963
4060503
4061043
4061583
4062123
4062663
4063203
4063743
4064283
4064823
4065363
4065903
4066443
4066983
4067523
4068063
4068603
4069143
4069683
4070223
4070763
4071303
4071843
4072383
4072923
4073463
4074003
4074543
4075083
4075623
4076163
4076703
4077243
4077783
4078323
4078863
4079403
4079943
4080483
4081023
4081563
4082103
4082643
4083183
4083723
4084263
4084803
4085343
4085883
4086423
4086963
4087503
4088043
4088583
4089123
4089663
4090203
4090743
4091283
4091823
4092363
4092903
4093443
4093983
4094523
4095063
4095603
4096143
4096683
4097223
4097763
4098303
4098843
4099383
4099923
4100463
4101003
4101543
4102083
4102623
4103163
4103703
4104243
4104783
4105323
4105863
4106403
4106943
4107483
4108023
4108563
4109103
4109643
4110183
4110723
4111263
4111803
4112343
4112883
4113423
4113963
4114503
4115043
4115583
4116123
4116663
4117203
4117743
4118283
4118823
4119363
4119903
4120443
4120983
4121523
4122063
4122603
4123143
4123683
4124223
4124763
4125303
4125843
4126383
4126923
4127463
4128003
4128543
4129083
4129623
4130163
4130703
4131243
4131783
4132323
4132863
4133403
4133943
4134483
4135023
4135563
4136103
4136643
4137183
4137723
4138263
4138803
4139343
4139883
4140423
4140963
4141503
4142043
4142583
4143123
4143663
4144203
4144743
4145283
4145823
4146363
4146903
4147443
4147983
4148523
4149063
4149603
4150143
4150683
4151223
4151763
4152303
4152843
4153383
4153923
4154463
4155003
4155543
4156083
4156623
4157163
4157703
4158243
4158783
4159323
4159863
4160403
4160943
4161483
4162023
4162563
4163103
4163643
4164183
4164723
4165263
4165803
4166343
4166883
4167423
4167963
4168503
4169043
4169583
4170123
4170663
4171203
4171743
4172283
4172823
4173363
4173903
4174443
4174983
4175523
4176063
4176603
4177143
4177683
4178223
4178763
4179303
4179843
4180383
4180923
4181463
4182003
4182543
4183083
4183623
4184163
4184703
4185243
4185783
4186323
4186863
4187403
4187943
4188483
4189023
4189563
4190103
4190643
4191183
4191723
4192263
4192803
4193343
4193883
4194423
4194963
4195503
4196043
4196583
4197123
4197663
4198203
4198743
4199283
4199823
4200363
4200903
4201443
4201983
4202523
4203063
4203603
4204143
4204683
4205223
4205763
4206303
4206843
4207383
4207923
4208463
4209003
4209543
4210083
4210623
4211163
4211703
4212243
4212783
4213323
4213863
4214403
4214943
4215483
4216023
4216563
4217103
4217643
4218183
4218723
4219263
4219803
4220343
4220883
4221423
4221963
4222503
4223043
4223583
4224123
4224663
4225203
4225743
4226283
4226823
4227363
4227903
4228443
4228983
4229523
4230063
4230603
4231143
4231683
4232223
4232763
4233303
4233843
4234383
4234923
4235463
4236003
4236543
4237083
4237623
4238163
4238703
4239243
4239783
4240323
4240863
4241403
4241943
4242483
4243023
4243563
4244103
4244643
4245183
4245723
4246263
4246803
4247343
4247883
4248423
4248963
4249503
4250043
4250583
4251123
4251663
4252203
4252743
4253283
4253823
4254363
4254903
4255443
4255983
4256523
4257063
4257603
4258143
4258683
4259223
4259763
4260303
4260843
4261383
4261923
4262463
4263003
4263543
4264083
4264623
4265163
4265703
4266243
4266783
4267323
4267863
4268403
4268943
4269483
4270023
4270563
4271103
4271643
4272183
4272723
4273263
4273803
4274343
4274883
4275423
4275963
4276503
4277043
4277583
4278123
4278663
4279203
4279743
4280283
4280823
4281363
4281903
4282443
4282983
4283523
4284063
4284603
4285143
4285683
4286223
4286763
4287303
4287843
4288383
4288923
4289463
4290003
4290543
4291083
4291623
4292163
4292703
4293243
4293783
4294323
4294863
4295403
4295943
4296483
4297023
4297563
4298103
4298643
4299183
4299723
4300263
4300803
4301343
4301883
4302423
4302963
4303503
4304043
4304583
4305123
4305663
4306203
4306743
4307283
4307823
4308363
4308903
4309443
4309983
4310523
4311063
4311603
4312143
4312683
4313223
4313763
4314303
4314843
4315383
4315923
4316463
4317003
4317543
4318083
4318623
4319163
4319703
4320243
4320783
4321323
4321863
4322403
4322943
4323483
4324023
4324563
4325103
4325643
4326183
4326723
4327263
4327803
4328343
4328883
4329423
4329963
4330503
4331043
4331583
4332123
4332663
4333203
4333743
4334283
4334823
4335363
4335903
4336443
4336983
4337523
4338063
4338603
4339143
4339683
4340223
4340763
4341303
4341843
4342383
4342923
4343463
4344003
4344543
4345083
4345623
4346163
4346703
4347243
4347783
4348323
4348863
4349403
4349943
4350483
4351023
4351563
4352103
4352643
4353183
4353723
4354263
4354803
4355343
4355883
4356423
4356963
4357503
4358043
4358583
4359123
4359663
4360203
4360743
4361283
4361823
4362363
4362903
4363443
4363983
4364523
4365063
4365603
4366143
4366683
4367223
4367763
4368303
4368843
4369383
4369923
4370463
4371003
4371543
4372083
4372623
4373163
4373703
4374243
4374783
4375323
4375863
4376403
4376943
4377483
4378023
4378563
4379103
4379643
4380183
4380723
4381263
4381803
4382343
4382883
4383423
4383963
4384503
4385043
4385583
4386123
4386663
4387203
4387743
4388283
4388823
4389363
4389903
4390443
4390983
4391523
4392063
4392603
4393143
4393683
4394223
4394763
4395303
4395843
4396383
4396923
4397463
4398003
4398543
4399083
4399623
4400163
4400703
4401243
4401783
4402323
4402863
4403403
4403943
4404483
4405023
4405563
4406103
4406643
4407183
4407723
4408263
4408803
4409343
4409883
4410423
4410963
4411503
4412043
4412583
4413123
4413663
4414203
4414743
4415283
4415823
4416363
4416903
4417443
4417983
4418523
4419063
4419603
4420143
4420683
4421223
4421763
4422303
4422843
4423383
4423923
4424463
4425003
4425543
4426083
4426623
4427163
4427703
4428243
4428783
4429323
4429863
4430403
4430943
4431483
4432023
4432563
4433103
4433643
4434183
4434723
4435263
4435803
4436343
4436883
4437423
4437963
4438503
4439043
4439583
4440123
4440663
4441203
4441743
4442283
4442823
4443363
4443903
4444443
4444983
4445523
4446063
4446603
4447143
4447683
4448223
4448763
4449303
4449843
4450383
4450923
4451463
4452003
4452543
4453083
4453623
4454163
4454703
4455243
4455783
4456323
4456863
4457403
4457943
4458483
4459023
4459563
4460103
4460643
4461183
4461723
4462263
4462803
4463343
4463883
4464423
4464963
4465503
4466043
4466583
4467123
4467663
4468203
4468743
4469283
4469823
4470363
4470903
4471443
4471983
4472523
4473063
4473603
4474143
4474683
4475223
4475763
4476303
4476843
4477383
4477923
4478463
4479003
4479543
4480083
4480623
4481163
4481703
4482243
4482783
4483323
4483863
4484403
4484943
4485483
4486023
4486563
4487103
4487643
4488183
4488723
4489263
4489803
4490343
4490883
4491423
4491963
4492503
4493043
4493583
4494123
4494663
4495203
4495743
4496283
4496823
4497363
4497903
4498443
4498983
4499523
4500063
4500603
4501143
4501683
4502223
4502763
4503303
4503843
4504383
4504923
4505463
4506003
4506543
4507083
4507623
4508163
4508703
4509243
4509783
4510323
4510863
4511403
4511943
4512483
4513023
4513563
4514103
4514643
4515183
4515723
4516263
4516803
4517343
4517883
4518423
4518963
4519503
4520043
4520583
4521123
4521663
4522203
4522743
4523283
4523823
4524363
4524903
4525443
4525983
4526523
4527063
4527603
4528143
4528683
4529223
4529763
4530303
4530843
4531383
4531923
4532463
4533003
4533543
4534083
4534623
4535163
4535703
4536243
4536783
4537323
4537863
4538403
4538943
4539483
4540023
4540563
4541103
4541643
4542183
4542723
4543263
4543803
4544343
4544883
4545423
4545963
4546503
4547043
4547583
4548123
4548663
4549203
4549743
4550283
4550823
4551363
4551903
4552443
4552983
4553523
4554063
4554603
4555143
4555683
4556223
4556763
4557303
4557843
4558383
4558923
4559463
4560003
4560543
4561083
4561623
4562163
4562703
4563243
4563783
4564323
4564863
4565403
4565943
4566483
4567023
4567563
4568103
4568643
4569183
4569723
4570263
4570803
4571343
4571883
4572423
4572963
4573503
4574043
4574583
4575123
4575663
4576203
4576743
4577283
4577823
4578363
4578903
4579443
4579983
4580523
4581063
4581603
4582143
4582683
4583223
4583763
4584303
4584843
4585383
4585923
4586463
4587003
4587543
4588083
4588623
4589163
4589703
4590243
4590783
4591323
4591863
4592403
4592943
4593483
4594023
4594563
4595103
4595643
4596183
4596723
4597263
4597803
4598343
4598883
4599423
4599963
4600503
4601043
4601583
4602123
4602663
4603203
4603743
4604283
4604823
4605363
4605903
4606443
4606983
4607523
4608063
4608603
4609143
4609683
4610223
4610763
4611303
4611843
4612383
4612923
4613463
4614003
4614543
4615083
4615623
4616163
4616703
4617243
4617783
4618323
4618863
4619403
4619943
4620483
4621023
4621563
4622103
4622643
4623183
4623723
4624263
4624803
4625343
4625883
4626423
4626963
4627503
4628043
4628583
4629123
4629663
4630203
4630743
4631283
4631823
4632363
4632903
4633443
4633983
4634523
4635063
4635603
4636143
4636683
4637223
4637763
4638303
4638843
4639383
4639923
4640463
4641003
4641543
4642083
4642623
4643163
4643703
4644243
4644783
4645323
4645863
4646403
4646943
4647483
4648023
4648563
4649103
4649643
4650183
4650723
4651263
4651803
4652343
4652883
4653423
4653963
4654503
4655043
4655583
4656123
4656663
4657203
4657743
4658283
4658823
4659363
4659903
4660443
4660983
4661523
4662063
4662603
4663143
4663683
4664223
4664763
4665303
4665843
4666383
4666923
4667463
4668003
4668543
4669083
4669623
4670163
4670703
4671243
4671783
4672323
4672863
4673403
4673943
4674483
4675023
4675563
4676103
4676643
4677183
4677723
4678263
4678803
4679343
4679883
4680423
4680963
4681503
4682043
4682583
4683123
4683663
4684203
4684743
4685283
4685823
4686363
4686903
4687443
4687983
4688523
4689063
4689603
4690143
4690683
4691223
4691763
4692303
4692843
4693383
4693923
4694463
4695003
4695543
4696083
4696623
4697163
4697703
4698243
4698783
4699323
4699863
4700403
4700943
4701483
4702023
4702563
4703103
4703643
4704183
4704723
4705263
4705803
4706343
4706883
4707423
4707963
4708503
4709043
4709583
4710123
4710663
4711203
4711743
4712283
4712823
4713363
4713903
4714443
4714983
4715523
4716063
4716603
4717143
4717683
4718223
4718763
4719303
4719843
4720383
4720923
4721463
4722003
4722543
4723083
4723623
4724163
4724703
4725243
4725783
4726323
4726863
4727403
4727943
4728483
4729023
4729563
4730103
4730643
4731183
4731723
4732263
4732803
4733343
4733883
4734423
4734963
4735503
4736043
4736583
4737123
4737663
4738203
4738743
4739283
4739823
4740363
4740903
4741443
4741983
4742523
4743063
4743603
4744143
4744683
4745223
4745763
4746303
4746843
4747383
4747923
4748463
4749003
4749543
4750083
4750623
4751163
4751703
4752243
4752783
4753323
4753863
4754403
4754943
4755483
4756023
4756563
4757103
4757643
4758183
4758723
4759263
4759803
4760343
4760883
4761423
4761963
4762503
4763043
4763583
4764123
4764663
4765203
4765743
4766283
4766823
4767363
4767903
4768443
4768983
4769523
4770063
4770603
4771143
4771683
4772223
4772763
4773303
4773843
4774383
4774923
4775463
4776003
4776543
4777083
4777623
4778163
4778703
4779243
4779783
4780323
4780863
4781403
4781943
4782483
4783023
4783563
4784103
4784643
4785183
4785723
4786263
4786803
4787343
4787883
4788423
4788963
4789503
4790043
4790583
4791123
4791663
4792203
4792743
4793283
4793823
4794363
4794903
4795443
4795983
4796523
4797063
4797603
4798143
4798683
4799223
4799763
4800303
4800843
4801383
4801923
4802463
4803003
4803543
4804083
4804623
4805163
4805703
4806243
4806783
4807323
4807863
4808403
4808943
4809483
4810023
4810563
4811103
4811643
4812183
4812723
4813263
4813803
4814343
4814883
4815423
4815963
4816503
4817043
4817583
4818123
4818663
4819203
4819743
4820283
4820823
4821363
4821903
4822443
4822983
4823523
4824063
4824603
4825143
4825683
4826223
4826763
4827303
4827843
4828383
4828923
4829463
4830003
4830543
4831083
4831623
4832163
4832703
4833243
4833783
4834323
4834863
4835403
4835943
4836483
4837023
4837563
4838103
4838643
4839183
4839723
4840263
4840803
4841343
4841883
4842423
4842963
4843503
4844043
4844583
4845123
4845663
4846203
4846743
4847283
4847823
4848363
4848903
4849443
4849983
4850523
4851063
4851603
4852143
4852683
4853223
4853763
4854303
4854843
4855383
4855923
4856463
4857003
4857543
4858083
4858623
4859163
4859703
4860243
4860783
4861323
4861863
4862403
4862943
4863483
4864023
4864563
4865103
4865643
4866183
4866723
4867263
4867803
4868343
4868883
4869423
4869963
4870503
4871043
4871583
4872123
4872663
4873203
4873743
4874283
4874823
4875363
4875903
4876443
4876983
4877523
4878063
4878603
4879143
4879683
4880223
4880763
4881303
4881843
4882383
4882923
4883463
4884003
4884543
4885083
4885623
4886163
4886703
4887243
4887783
4888323
4888863
4889403
4889943
4890483
4891023
4891563
4892103
4892643
4893183
4893723
4894263
4894803
4895343
4895883
4896423
4896963
4897503
4898043
4898583
4899123
4899663
4900203
4900743
4901283
4901823
4902363
4902903
4903443
4903983
4904523
4905063
4905603
4906143
4906683
4907223
4907763
4908303
4908843
4909383
4909923
4910463
4911003
4911543
4912083
4912623
4913163
4913703
4914243
4914783
4915323
4915863
4916403
4916943
4917483
4918023
4918563
4919103
4919643
4920183
4920723
4921263
4921803
4922343
4922883
4923423
4923963
4924503
4925043
4925583
4926123
4926663
4927203
4927743
4928283
4928823
4929363
4929903
4930443
4930983
4931523
4932063
4932603
4933143
4933683
4934223
4934763
4935303
4935843
4936383
4936923
4937463
4938003
4938543
4939083
4939623
4940163
4940703
4941243
4941783
4942323
4942863
4943403
4943943
4944483
4945023
4945563
4946103
4946643
4947183
4947723
4948263
4948803
4949343
4949883
4950423
4950963
4951503
4952043
4952583
4953123
4953663
4954203
4954743
4955283
4955823
4956363
4956903
4957443
4957983
4958523
4959063
4959603
4960143
4960683
4961223
4961763
4962303
4962843
4963383
4963923
4964463
4965003
4965543
4966083
4966623
4967163
4967703
4968243
4968783
4969323
4969863
4970403
4970943
4971483
4972023
4972563
4973103
4973643
4974183
4974723
4975263
4975803
4976343
4976883
4977423
4977963
4978503
4979043
4979583
4980123
4980663
4981203
4981743
4982283
4982823
4983363
4983903
4984443
4984983
4985523
4986063
4986603
4987143
4987683
4988223
4988763
4989303
4989843
4990383
4990923
4991463
4992003
4992543
4993083
4993623
4994163
4994703
4995243
4995783
4996323
4996863
4997403
4997943
4998483
4999023
4999563
5000103
5000643
5001183
5001723
5002263
5002803
5003343
5003883
5004423
5004963
5005503
5006043
5006583
5007123
5007663
5008203
5008743
5009283
5009823
5010363
5010903
5011443
5011983
5012523
5013063
5013603
5014143
5014683
5015223
5015763
5016303
5016843
5017383
5017923
5018463
5019003
5019543
5020083
5020623
5021163
5021703
5022243
5022783
5023323
5023863
5024403
5024943
5025483
5026023
5026563
5027103
5027643
5028183
5028723
5029263
5029803
5030343
5030883
5031423
5031963
5032503
5033043
5033583
5034123
5034663
5035203
5035743
5036283
5036823
5037363
5037903
5038443
5038983
5039523
5040063
5040603
5041143
5041683
5042223
5042763
5043303
5043843
5044383
5044923
5045463
5046003
5046543
5047083
5047623
5048163
5048703
5049243
5049783
5050323
5050863
5051403
5051943
5052483
5053023
5053563
5054103
5054643
5055183
5055723
5056263
5056803
5057343
5057883
5058423
5058963
5059503
5060043
5060583
5061123
5061663
5062203
5062743
5063283
5063823
5064363
5064903
5065443
5065983
5066523
5067063
5067603
5068143
5068683
5069223
5069763
5070303
5070843
5071383
5071923
5072463
5073003
5073543
5074083
5074623
5075163
5075703
5076243
5076783
5077323
5077863
5078403
5078943
5079483
5080023
5080563
5081103
5081643
5082183
5082723
5083263
5083803
5084343
5084883
5085423
5085963
5086503
5087043
5087583
5088123
5088663
5089203
5089743
5090283
5090823
5091363
5091903
5092443
5092983
5093523
5094063
5094603
5095143
5095683
5096223
5096763
5097303
5097843
5098383
5098923
5099463
5100003
5100543
5101083
5101623
5102163
5102703
5103243
5103783
5104323
5104863
5105403
5105943
5106483
5107023
5107563
5108103
5108643
5109183
5109723
5110263
5110803
5111343
5111883
5112423
5112963
5113503
5114043
5114583
5115123
5115663
5116203
5116743
5117283
5117823
5118363
5118903
5119443
5119983
5120523
5121063
5121603
5122143
5122683
5123223
5123763
5124303
5124843
5125383
5125923
5126463
5127003
5127543
5128083
5128623
5129163
5129703
5130243
5130783
5131323
5131863
5132403
5132943
5133483
5134023
5134563
5135103
5135643
5136183
5136723
5137263
5137803
5138343
5138883
5139423
5139963
5140503
5141043
5141583
5142123
5142663
5143203
5143743
5144283
5144823
5145363
5145903
5146443
5146983
5147523
5148063
5148603
5149143
5149683
5150223
5150763
5151303
5151843
5152383
5152923
5153463
5154003
5154543
5155083
5155623
5156163
5156703
5157243
5157783
5158323
5158863
5159403
5159943
5160483
5161023
5161563
5162103
5162643
5163183
5163723
5164263
5164803
5165343
5165883
5166423
5166963
5167503
5168043
5168583
5169123
5169663
5170203
5170743
5171283
5171823
5172363
5172903
5173443
5173983
5174523
5175063
5175603
5176143
5176683
5177223
5177763
5178303
5178843
5179383
5179923
5180463
5181003
5181543
5182083
5182623
5183163
5183703
5184243
5184783
5185323
5185863
5186403
5186943
5187483
5188023
5188563
5189103
5189643
5190183
5190723
5191263
5191803
5192343
5192883
5193423
5193963
5194503
5195043
5195583
5196123
5196663
5197203
5197743
5198283
5198823
5199363
5199903
5200443
5200983
5201523
5202063
5202603
5203143
5203683
5204223
5204763
5205303
5205843
5206383
5206923
5207463
5208003
5208543
5209083
5209623
5210163
5210703
5211243
5211783
5212323
5212863
5213403
5213943
5214483
5215023
5215563
5216103
5216643
5217183
5217723
5218263
5218803
5219343
5219883
5220423
5220963
5221503
5222043
5222583
5223123
5223663
5224203
5224743
5225283
5225823
5226363
5226903
5227443
5227983
5228523
5229063
5229603
5230143
5230683
5231223
5231763
5232303
5232843
5233383
5233923
5234463
5235003
5235543
5236083
5236623
5237163
5237703
5238243
5238783
5239323
5239863
5240403
5240943
5241483
5242023
5242563
5243103
5243643
5244183
5244723
5245263
5245803
5246343
5246883
5247423
5247963
5248503
5249043
5249583
5250123
5250663
5251203
5251743
5252283
5252823
5253363
5253903
5254443
5254983
5255523
5256063
5256603
5257143
5257683
5258223
5258763
5259303
5259843
5260383
5260923
5261463
5262003
5262543
5263083
5263623
5264163
5264703
5265243
5265783
5266323
5266863
5267403
5267943
5268483
5269023
5269563
5270103
5270643
5271183
5271723
5272263
5272803
5273343
5273883
5274423
5274963
5275503
5276043
5276583
5277123
5277663
5278203
5278743
5279283
5279823
5280363
5280903
5281443
5281983
5282523
5283063
5283603
5284143
5284683
5285223
5285763
5286303
5286843
5287383
5287923
5288463
5289003
5289543
5290083
5290623
5291163
5291703
5292243
5292783
5293323
5293863
5294403
5294943
5295483
5296023
5296563
5297103
5297643
5298183
5298723
5299263
5299803
5300343
5300883
5301423
5301963
5302503
5303043
5303583
5304123
5304663
5305203
5305743
5306283
5306823
5307363
5307903
5308443
5308983
5309523
5310063
5310603
5311143
5311683
5312223
5312763
5313303
5313843
5314383
5314923
5315463
5316003
5316543
5317083
5317623
5318163
5318703
5319243
5319783
5320323
5320863
5321403
5321943
5322483
5323023
5323563
5324103
5324643
5325183
5325723
5326263
5326803
5327343
5327883
5328423
5328963
5329503
5330043
5330583
5331123
5331663
5332203
5332743
5333283
5333823
5334363
5334903
5335443
5335983
5336523
5337063
5337603
5338143
5338683
5339223
5339763
5340303
5340843
5341383
5341923
5342463
5343003
5343543
5344083
5344623
5345163
5345703
5346243
5346783
5347323
5347863
5348403
5348943
5349483
5350023
5350563
5351103
5351643
5352183
5352723
5353263
5353803
5354343
5354883
5355423
5355963
5356503
5357043
5357583
5358123
5358663
5359203
5359743
5360283
5360823
5361363
5361903
5362443
5362983
5363523
5364063
5364603
5365143
5365683
5366223
5366763
5367303
5367843
5368383
5368923
5369463
5370003
5370543
5371083
5371623
5372163
5372703
5373243
5373783
5374323
5374863
5375403
5375943
5376483
5377023
5377563
5378103
5378643
5379183
5379723
5380263
5380803
5381343
5381883
5382423
5382963
5383503
5384043
5384583
5385123
5385663
5386203
5386743
5387283
5387823
5388363
5388903
5389443
5389983
5390523
5391063
5391603
5392143
5392683
5393223
5393763
5394303
5394843
5395383
5395923
5396463
5397003
5397543
5398083
5398623
5399163
5399703
5400243
5400783
5401323
5401863
5402403
5402943
5403483
5404023
5404563
5405103
5405643
5406183
5406723
5407263
5407803
5408343
5408883
5409423
5409963
5410503
5411043
5411583
5412123
5412663
5413203
5413743
5414283
5414823
5415363
5415903
5416443
5416983
5417523
5418063
5418603
5419143
5419683
5420223
5420763
5421303
5421843
5422383
5422923
5423463
5424003
5424543
5425083
5425623
5426163
5426703
5427243
5427783
5428323
5428863
5429403
5429943
5430483
5431023
5431563
5432103
5432643
5433183
5433723
5434263
5434803
5435343
5435883
5436423
5436963
5437503
5438043
5438583
5439123
5439663
5440203
5440743
5441283
5441823
5442363
5442903
5443443
5443983
5444523
5445063
5445603
5446143
5446683
5447223
5447763
5448303
5448843
5449383
5449923
5450463
5451003
5451543
5452083
5452623
5453163
5453703
5454243
5454783
5455323
5455863
5456403
5456943
5457483
5458023
5458563
5459103
5459643
5460183
5460723
5461263
5461803
5462343
5462883
5463423
5463963
5464503
5465043
5465583
5466123
5466663
5467203
5467743
5468283
5468823
5469363
5469903
5470443
5470983
5471523
5472063
5472603
5473143
5473683
5474223
5474763
5475303
5475843
5476383
5476923
5477463
5478003
5478543
5479083
5479623
5480163
5480703
5481243
5481783
5482323
5482863
5483403
5483943
5484483
5485023
5485563
5486103
5486643
5487183
5487723
5488263
5488803
5489343
5489883
5490423
5490963
5491503
5492043
5492583
5493123
5493663
5494203
5494743
5495283
5495823
5496363
5496903
5497443
5497983
5498523
5499063
5499603
5500143
5500683
5501223
5501763
5502303
5502843
5503383
5503923
5504463
5505003
5505543
5506083
5506623
5507163
5507703
5508243
5508783
5509323
5509863
5510403
5510943
5511483
5512023
5512563
5513103
5513643
5514183
5514723
5515263
5515803
5516343
5516883
5517423
5517963
5518503
5519043
5519583
5520123
5520663
5521203
5521743
5522283
5522823
5523363
5523903
5524443
5524983
5525523
5526063
5526603
5527143
5527683
5528223
5528763
5529303
5529843
5530383
5530923
5531463
5532003
5532543
5533083
5533623
5534163
5534703
5535243
5535783
5536323
5536863
5537403
5537943
5538483
5539023
5539563
5540103
5540643
5541183
5541723
5542263
5542803
5543343
5543883
5544423
5544963
5545503
5546043
5546583
5547123
5547663
5548203
5548743
5549283
5549823
5550363
5550903
5551443
5551983
5552523
5553063
5553603
5554143
5554683
5555223
5555763
5556303
5556843
5557383
5557923
5558463
5559003
5559543
5560083
5560623
5561163
5561703
5562243
5562783
5563323
5563863
5564403
5564943
5565483
5566023
5566563
5567103
5567643
5568183
5568723
5569263
5569803
5570343
5570883
5571423
5571963
5572503
5573043
5573583
5574123
5574663
5575203
5575743
5576283
5576823
5577363
5577903
5578443
5578983
5579523
5580063
5580603
5581143
5581683
5582223
5582763
5583303
5583843
5584383
5584923
5585463
5586003
5586543
5587083
5587623
5588163
5588703
5589243
5589783
5590323
5590863
5591403
5591943
5592483
5593023
5593563
5594103
5594643
5595183
5595723
5596263
5596803
5597343
5597883
5598423
5598963
5599503
5600043
5600583
5601123
5601663
5602203
5602743
5603283
5603823
5604363
5604903
5605443
5605983
5606523
5607063
5607603
5608143
5608683
5609223
5609763
5610303
5610843
5611383
5611923
5612463
5613003
5613543
5614083
5614623
5615163
5615703
5616243
5616783
5617323
5617863
5618403
5618943
5619483
5620023
5620563
5621103
5621643
5622183
5622723
5623263
5623803
5624343
5624883
5625423
5625963
5626503
5627043
5627583
5628123
5628663
5629203
5629743
5630283
5630823
5631363
5631903
5632443
5632983
5633523
5634063
5634603
5635143
5635683
5636223
5636763
5637303
5637843
5638383
5638923
5639463
5640003
5640543
5641083
5641623
5642163
5642703
