00:08:48      UID       PID    %usr %system  %guest   %wait    %CPU   CPU  Command
00:08:48      UID       PID    usr-ms system-ms  guest-ms  Command

00:08:49     1000      3228  392,00    0,00    0,00    0,00  392,00     1  390485
00:08:50     1000      3228  391,00    2,00    0,00    0,00  393,00     1  390485
00:08:51     1000      3228  389,00    0,00    0,00    0,00  389,00     1  390485
00:08:52     1000      3228  393,00    0,00    0,00    0,00  393,00     1  390485
00:08:53     1000      3228  386,00    5,00    0,00    0,00  391,00     1  390485
00:08:54     1000      3228  379,00   12,00    0,00    0,00  391,00     1  390485
00:08:55     1000      3228  346,00   37,00    0,00    0,00  383,00     1  390485
00:08:56     1000      3228  388,00    2,00    0,00    0,00  390,00     1  390485
00:08:57     1000      3228  372,00    2,00    0,00    0,00  374,00     1  390485
00:08:58     1000      3228   15,84    0,00    0,00    0,00   15,84     1  390485
00:08:59     1000      3228    5,00    0,00    0,00    0,00    5,00     1  390485
00:09:00     1000      3228    2,00    1,00    0,00    0,00    3,00     1  390485
00:09:01     1000      3228    3,00    0,00    0,00    0,00    3,00     1  390485
00:09:02     1000      3228    2,94    1,96    0,00    0,00    4,90     1  390485
00:09:03     1000      3228    9,00    1,00    0,00    0,00   10,00     1  390485
00:09:04     1000      3228    4,95   44,55    0,00    0,00   49,50     1  390485
00:09:05     1000      3228    1,94    5,83    0,00    0,00    7,77     1  390485
00:09:06     1000      3228    0,99    0,99    0,00    0,00    1,98     1  390485
00:09:07     1000      3228    3,96    0,00    0,00    0,00    3,96     1  390485
00:09:08     1000      3228    2,00    2,00    0,00    0,00    4,00     1  390485