13:12:40      UID       PID    %usr %system  %guest   %wait    %CPU   CPU  Command

13:12:41     1000      2892    0,00    0,00    0,00    0,00    0,00     3  390485
13:12:42     1000      2892    1,98    0,99    0,00    0,00    2,97     3  390485
13:12:43     1000      2892    3,00    0,00    0,00    0,00    3,00     3  390485
13:12:44     1000      2892    2,00    0,00    0,00    0,00    2,00     3  390485
13:12:45     1000      2892    4,00    0,00    0,00    0,00    4,00     3  390485
13:12:46     1000      2892    6,00    1,00    0,00    0,00    7,00     3  390485
13:12:47     1000      2892    5,00    1,00    0,00    0,00    6,00     3  390485
13:12:48     1000      2892    3,96    0,00    0,00    0,00    3,96     3  390485
13:12:59     1000      2892    2,00    0,00    0,00    0,00    2,00     3  390485
13:13:00     1000      2892    3,00    1,00    0,00    0,00    4,00     3  390485
13:13:01     1000      2892    0,97    0,00    0,00    0,00    0,97     3  390485
13:13:02     1000      2892    1,00    0,00    0,00    0,00    1,00     3  390485
13:13:03     1000      2892    1,98    0,00    0,00    0,00    1,98     3  390485
13:13:04     1000      2892    2,00    1,00    0,00    0,00    3,00     3  390485
13:13:05     1000      2892    7,77    0,97    0,00    0,00    8,74     3  390485
13:13:06     1000      2892    2,00    1,00    0,00    0,00    3,00     3  390485
13:13:07     1000      2892    6,00    0,00    0,00    0,00    6,00     3  390485
13:13:08     1000      2892    5,00    1,00    0,00    0,00    6,00     3  390485
13:13:09     1000      2892    6,00    0,00    0,00    0,00    6,00     3  390485
13:13:10     1000      2892    5,00   37,00    0,00    0,00   42,00     3  390485
13:13:11     1000      2892    1,00    0,00    0,00    0,00    1,00     3  390485
13:13:12     1000      2892    0,99    0,00    0,00    0,00    0,99     3  390485
13:13:23     1000      2892    3,00    1,00    0,00    0,00    4,00     3  390485
13:13:24     1000      2892    3,00    1,00    0,00    0,00    4,00     3  390485
13:13:25     1000      2892    4,00    0,00    0,00    0,00    4,00     3  390485
13:13:26     1000      2892    3,00    0,00    0,00    0,00    3,00     3  390485
13:13:27     1000      2892    3,00   25,00    0,00    0,00   28,00     3  390485
13:13:28     1000      2892    3,96   11,88    0,00    0,00   15,84     3  390485
13:13:29     1000      2892    4,00    0,00    0,00    0,00    4,00     3  390485
13:13:30     1000      2892    1,98    0,00    0,00    0,00    1,98     3  390485
13:13:31     1000      2892    2,94   36,27    0,00    0,00   39,22     3  390485
13:13:32     1000      2892    0,00    0,00    0,00    0,00    0,00     3  390485
13:13:33     1000      2892    0,00    0,00    0,00    0,00    0,00     3  390485
13:13:34     1000      2892    3,00    0,00    0,00    0,00    3,00     3  390485
13:13:35     1000      2892    1,98    0,00    0,00    0,00    1,98     3  390485
13:13:36     1000      2892    3,00    0,00    0,00    0,00    3,00     3  390485

pid spid tgid
как общаются процессы